from	to	obs_uncons	possible_uncons	obs_poss_uncons	obs_cons	possible_cons	obs_poss_cons	fold_change	mis_badness	BLOSUM	Grantham
Ala	Asp	7993	272917	0.029287292	518	59424	0.008717017	3.359783915	0.796484025	-2	126
Ala	Glu	5484	136364	0.040215893	514	32501	0.015814898	2.542911927	0.511392073	-1	107
Ala	Gly	12892	409281	0.031499141	1370	91925	0.014903454	2.113546389	0.361541609	0	60
Ala	Pro	10415	409281	0.025447064	814	91925	0.008855045	2.873736367	0.626851291	-1	27
Ala	Ser	19081	409281	0.046620781	2320	91925	0.025237966	1.847247984	0.268602286	1	99
Ala	Thr	58638	409281	0.14327076	6558	91925	0.071340767	2.008259321	0.324795944	0	58
Ala	Val	54835	409281	0.133978856	5901	91925	0.064193636	2.087104949	0.352313408	0	64
Arg	Cys	47740	74568	0.640221006	5652	26741	0.211360832	3.029042804	0.681053914	-3	180
Arg	Gln	63335	96939	0.653349013	7078	27214	0.26008672	2.512042957	0.50061869	1	43
Arg	Gly	21025	327502	0.064198081	1762	78154	0.022545231	2.847523746	0.617702943	-2	125
Arg	His	49182	74568	0.65955906	6441	26741	0.240866086	2.738281141	0.579576791	0	29
Arg	Ile	2336	81189	0.028772371	82	12150	0.006748971	4.263223211	1	-3	97
Arg	Leu	13433	171507	0.078323334	1540	53955	0.028542304	2.744113943	0.581612464	-2	102
Arg	Lys	13004	155995	0.083361646	946	24199	0.039092524	2.132419108	0.368128265	2	26
Arg	Met	1381	74806	0.018461086	92	12049	0.007635488	2.417800275	0.46772757	-1	91
Arg	Pro	8676	171507	0.050586857	846	53955	0.015679733	3.226257498	0.749882719	-2	103
Arg	Ser	13212	386558	0.034178571	1050	75139	0.013974101	2.445851083	0.477517423	-1	110
Arg	Thr	5958	155995	0.038193532	280	24199	0.011570726	3.30087599	0.775924907	-1	71
Arg	Trp	41265	135478	0.304588199	4173	30233	0.138027983	2.206713399	0.394057305	-3	101
Asn	Asp	11870	224559	0.05285916	958	44767	0.021399692	2.470089764	0.485976837	1	23
Asn	His	5287	224559	0.023543924	481	44767	0.010744522	2.191249147	0.388660196	1	68
Asn	Ile	3960	224559	0.017634564	287	44767	0.006410972	2.750684722	0.583905702	-3	149
Asn	Lys	13661	449118	0.030417396	1086	89534	0.01212947	2.507726632	0.499112247	0	94
Asn	Ser	31734	224559	0.141316981	4256	44767	0.095070029	1.486451434	0.142682672	1	46
Asn	Thr	4121	224559	0.018351525	382	44767	0.008533071	2.150635338	0.3744858	0	65
Asn	Tyr	2990	224559	0.013314986	222	44767	0.00495901	2.685008964	0.560984591	-2	143
Asp	Ala	4146	286449	0.014473781	324	61427	0.005274554	2.74407693	0.581599551	-2	126
Asp	Asn	34465	286449	0.120318102	3642	61427	0.059289889	2.02931907	0.332145908	1	23
Asp	Glu	18122	572898	0.031632158	2034	122854	0.016556237	1.910588558	0.290708436	2	45
Asp	Gly	19399	286449	0.067722352	1427	61427	0.023230827	2.915193353	0.641319968	-1	94
Asp	His	10106	286449	0.035280277	836	61427	0.01360965	2.592298518	0.528628216	-1	81
Asp	Tyr	9685	286449	0.033810556	765	61427	0.012453807	2.714877167	0.571408726	-3	160
Asp	Val	9008	286449	0.031447134	604	61427	0.00983281	3.19818391	0.740084908	-3	152
Cys	Arg	9443	141576	0.066699158	425	26830	0.015840477	4.210678613	1	-3	180
Cys	Gly	3448	141576	0.02435441	238	26830	0.008870667	2.745499285	0.582095974	-3	159
Cys	Phe	4540	141576	0.032067582	251	26830	0.009355199	3.427781781	0.820215594	-2	205
Cys	Ser	6070	283152	0.021437249	425	53660	0.007920239	2.70664187	0.56853457	-1	112
Cys	Trp	2505	141576	0.017693677	158	26830	0.00588893	3.004565513	0.672511228	-2	215
Cys	Tyr	13049	141576	0.092169577	655	26830	0.024412971	3.775434725	0.941547998	-2	194
Gln	Arg	22296	296880	0.075101051	1765	54149	0.032595246	2.304049182	0.428027931	1	43
Gln	Glu	11610	296880	0.03910671	912	54149	0.016842416	2.321918013	0.434264222	2	29
Gln	His	16353	593760	0.027541431	1542	108298	0.01423849	1.934294346	0.298981831	0	24
Gln	Leu	4158	296880	0.014005659	372	54149	0.006869933	2.038689304	0.335416149	-2	113
Gln	Lys	8076	296880	0.02720291	524	54149	0.009677002	2.811088527	0.604986896	1	53
Gln	Pro	6577	296880	0.022153732	447	54149	0.008255	2.683674367	0.56051881	-1	76
Glu	Ala	7675	438942	0.017485226	657	85510	0.007683312	2.275740733	0.418148139	-1	107
Glu	Asp	21010	877884	0.023932547	2239	171020	0.013092036	1.828023301	0.26189278	2	45
Glu	Gln	15739	438942	0.035856674	1481	85510	0.017319612	2.07029315	0.346446015	2	29
Glu	Gly	17854	438942	0.040675078	1356	85510	0.015857794	2.564989604	0.519097288	-2	98
Glu	Lys	51360	438942	0.117008625	4100	85510	0.047947608	2.440343304	0.475595177	1	56
Glu	Val	6048	438942	0.013778586	461	85510	0.005391182	2.555763276	0.515877269	-2	121
Gly	Ala	12575	390991	0.032161866	1167	83980	0.013896166	2.314441709	0.43165496	0	60
Gly	Arg	40348	594964	0.067815868	3155	121865	0.025889304	2.619455067	0.53810599	-2	125
Gly	Asp	19716	187018	0.105423007	1683	46095	0.036511552	2.887387716	0.631615656	-1	94
Gly	Cys	5660	187018	0.030264467	613	46095	0.013298622	2.275759518	0.4181547	-3	159
Gly	Glu	17911	203973	0.087810642	1158	37885	0.030566187	2.872803245	0.6265256	-2	98
Gly	Ser	27983	187018	0.149627309	3311	46095	0.071829916	2.083077859	0.350907967	0	56
Gly	Trp	2949	95975	0.030726752	236	19775	0.01193426	2.574667441	0.522474884	-2	184
Gly	Val	15801	390991	0.040412695	1226	83980	0.014598714	2.768236639	0.590031393	-3	109
His	Arg	19836	161420	0.122884401	1432	31282	0.045777124	2.684406306	0.560774246	0	29
His	Asn	3849	161420	0.023844629	315	31282	0.010069689	2.367960895	0.450333398	1	68
His	Asp	3463	161420	0.021453352	219	31282	0.007000831	3.064400647	0.693393943	-1	81
His	Gln	10072	322840	0.031198117	924	62564	0.014768877	2.112423132	0.361149572	0	24
His	Leu	3992	161420	0.024730517	283	31282	0.009046736	2.733639655	0.577956921	-3	99
His	Pro	4219	161420	0.026136786	234	31282	0.00748034	3.494063848	0.843348306	-2	77
His	Tyr	16676	161420	0.10330814	1279	31282	0.040886133	2.526728103	0.505743855	2	83
Ile	Arg	887	51443	0.017242385	32	7552	0.004237288	4.069202807	1	-3	97
Ile	Asn	4362	218337	0.01997829	244	49247	0.004954617	4.032257661	1	-3	149
Ile	Leu	7396	321223	0.023024503	711	64351	0.011048779	2.08389565	0.351193348	2	5
Ile	Lys	900	51443	0.017495092	21	7552	0.00278072	6.291568199	1	-3	102
Ile	Met	13549	269780	0.050222403	1329	56799	0.023398299	2.146412561	0.373012059	1	10
Ile	Phe	5981	218337	0.027393433	382	49247	0.007756818	3.531529841	0.856424106	0	21
Ile	Ser	3067	218337	0.014047092	212	49247	0.004304831	3.263099794	0.762740845	-2	142
Ile	Thr	27743	269780	0.102835644	2093	56799	0.03684924	2.790712726	0.597875652	-1	89
Ile	Val	39324	269780	0.145763214	5127	56799	0.090265674	1.614824423	0.187485418	3	29
Leu	Arg	8445	476639	0.017717812	523	96743	0.005406076	3.277388618	0.7677277	-2	102
Leu	Gln	3542	275112	0.012874756	339	58543	0.005790615	2.22338309	0.399875104	-2	113
Leu	His	2630	201527	0.01305036	175	38200	0.004581152	2.848707263	0.618116024	-3	99
Leu	Ile	6906	301709	0.022889606	536	54413	0.009850587	2.323679303	0.434878923	2	5
Leu	Met	6212	312418	0.019883617	647	65168	0.009928186	2.002744332	0.322871184	2	15
Leu	Phe	29187	476503	0.0612525	2202	83876	0.02625304	2.333158351	0.438187171	0	22
Leu	Pro	22954	476639	0.04815804	1291	96743	0.013344635	3.608794158	0.883389724	-3	98
Leu	Ser	6395	137488	0.04651315	343	22838	0.015018828	3.096989286	0.704767544	-2	145
Leu	Trp	2026	84193	0.024063758	96	14609	0.006571292	3.661952548	0.901942207	-2	61
Leu	Val	25333	614127	0.041250425	2322	119581	0.0194178	2.124361378	0.365316092	1	32
Lys	Arg	23155	360098	0.06430194	2969	72008	0.04123153	1.559533209	0.168188544	2	26
Lys	Asn	15947	720196	0.022142583	1245	144016	0.008644873	2.561354451	0.517828622	0	94
Lys	Gln	7424	360098	0.02061661	648	72008	0.008999	2.290988962	0.423469863	1	53
Lys	Glu	20397	360098	0.056642914	1309	72008	0.018178536	3.115922798	0.711375419	1	56
Lys	Ile	1838	168933	0.010880053	74	28133	0.002630363	4.136331515	1	-3	102
Lys	Met	2193	191165	0.011471765	169	43875	0.003851852	2.978246742	0.66332585	-1	95
Lys	Thr	7569	360098	0.021019278	579	72008	0.008040773	2.61408666	0.536232394	-1	78
Met	Arg	3241	129459	0.025034953	217	29541	0.007345723	3.408099314	0.813346314	-1	91
Met	Ile	17963	388377	0.046251452	1714	88623	0.019340352	2.391448303	0.458530605	1	10
Met	Leu	7942	258918	0.030673804	949	59082	0.016062422	1.909662478	0.290385223	2	15
Met	Lys	3218	129459	0.024857291	211	29541	0.007142615	3.480138509	0.838488314	-1	95
Met	Thr	17168	129459	0.132613414	1558	29541	0.052740259	2.51446269	0.501463176	-1	81
Met	Val	22957	129459	0.177330274	2441	29541	0.08263092	2.146052289	0.372886312	1	21
Phe	Cys	4096	225702	0.018147823	267	47312	0.005643389	3.21576709	0.746221523	-2	205
Phe	Ile	2788	225702	0.012352571	188	47312	0.003973622	3.108642784	0.708834667	0	21
Phe	Leu	21145	677106	0.031228493	1738	141936	0.012244955	2.550314952	0.513975788	0	22
Phe	Ser	7810	225702	0.034603149	412	47312	0.00870815	3.973650968	1	-2	155
Phe	Tyr	2704	225702	0.011980399	229	47312	0.00484021	2.475181809	0.487753968	3	22
Phe	Val	4012	225702	0.017775651	289	47312	0.006108387	2.910040152	0.639521479	-1	50
Pro	Ala	16492	379680	0.043436578	1535	71243	0.021545976	2.015994879	0.327495703	-1	27
Pro	Arg	15896	379680	0.041866835	1319	71243	0.0185141	2.261348705	0.413125267	-2	103
Pro	Gln	4511	147637	0.030554671	473	29303	0.016141692	1.892903873	0.284536398	-1	76
Pro	His	6446	232043	0.027779334	462	41940	0.011015737	2.521786295	0.504019145	-2	77
Pro	Leu	55598	379680	0.146433839	4835	71243	0.067866317	2.15768066	0.376944675	-3	98
Pro	Ser	43433	379680	0.1143937	3830	71243	0.053759668	2.127872158	0.366541377	-1	74
Pro	Thr	16350	379680	0.043062579	1268	71243	0.01779824	2.419485266	0.468315642	-1	38
Ser	Ala	6246	317976	0.019642992	648	52818	0.012268545	1.601085721	0.182690551	1	99
Ser	Arg	16448	605253	0.027175413	1189	106194	0.011196489	2.427136893	0.470986085	-1	110
Ser	Asn	20513	201751	0.101674837	1891	35398	0.053421097	1.903271218	0.288154631	1	46
Ser	Cys	13988	411993	0.033952033	1174	69789	0.016822135	2.018295096	0.328298483	-1	112
Ser	Gly	15140	201751	0.075042999	1428	35398	0.040341262	1.860204526	0.273124162	0	56
Ser	Ile	5482	201751	0.027172108	371	35398	0.010480818	2.592556026	0.528718084	-2	142
Ser	Leu	20865	107734	0.19367145	2012	18427	0.109187605	1.773749409	0.242950948	-2	145
Ser	Phe	18473	210242	0.087865412	1279	34391	0.037189962	2.36261094	0.448466224	-2	155
Ser	Pro	13603	317976	0.042779958	810	52818	0.015335681	2.789570166	0.597476914	-1	74
Ser	Thr	13343	519727	0.025673094	1227	88216	0.013909041	1.845784547	0.268091518	1	58
Ser	Trp	1655	22768	0.07268974	175	7359	0.023780405	3.056707409	0.690708982	-3	177
Ser	Tyr	6072	210242	0.028881004	349	34391	0.010148004	2.845978801	0.617163766	-2	144
Thr	Ala	28141	327164	0.086014965	2557	60800	0.042055921	2.045252198	0.33770663	0	58
Thr	Arg	5177	129866	0.039864168	401	24966	0.016061844	2.481917233	0.490104652	-1	71
Thr	Asn	8499	197298	0.04307697	621	35834	0.01732991	2.485700705	0.491425111	0	65
Thr	Ile	34348	295776	0.116128422	2601	51772	0.050239512	2.311495824	0.430626828	-1	89
Thr	Lys	4786	129866	0.036853372	347	24966	0.013898903	2.651531077	0.549300656	-1	78
Thr	Met	22451	31388	0.715273353	2928	9028	0.324324324	2.205426171	0.393608067	-1	81
Thr	Pro	5923	327164	0.01810407	382	60800	0.006282895	2.881485508	0.629555762	-1	38
Thr	Ser	15149	524462	0.028884838	1550	96634	0.016039903	1.80081126	0.252395672	1	58
Trp	Arg	5719	146694	0.038985916	238	30044	0.007921715	4.921398606	1	-3	101
Trp	Cys	4512	146694	0.030757904	261	30044	0.008687259	3.540576529	0.859581444	-2	215
Trp	Gly	1457	73347	0.01986448	66	15022	0.004393556	4.521275994	1	-2	184
Trp	Leu	1505	73347	0.020518903	73	15022	0.004859539	4.222396785	1	-2	61
Trp	Ser	1396	73347	0.019032817	79	15022	0.005258954	3.619126217	0.886995638	-3	177
Tyr	Asn	2299	160511	0.014323006	143	36494	0.003918452	3.65527117	0.899610404	-2	143
Tyr	Asp	1926	160511	0.011999178	87	36494	0.002383954	5.03331021	1	-3	160
Tyr	Cys	23749	160511	0.147958707	1953	36494	0.053515646	2.764774731	0.588823175	-2	194
Tyr	His	10988	160511	0.068456367	870	36494	0.023839535	2.871547902	0.626087495	2	83
Tyr	Phe	3832	160511	0.023873753	470	36494	0.012878829	1.853720743	0.270861287	3	22
Tyr	Ser	2769	160511	0.017251154	198	36494	0.005425549	3.179614236	0.733604	-2	144
Val	Ala	21493	362751	0.059250009	1685	75198	0.022407511	2.64420307	0.546743151	0	64
Val	Asp	2398	156196	0.015352506	126	29701	0.004242281	3.61892679	0.886926047	-3	152
Val	Glu	2706	206555	0.013100627	164	45497	0.003604633	3.634385515	0.892321202	-2	121
Val	Gly	6313	362751	0.017403122	452	75198	0.006010798	2.895309706	0.634380469	-3	109
Val	Ile	37436	202703	0.184683996	4602	38361	0.11996559	1.539474742	0.161188039	3	29
Val	Leu	23862	569306	0.04191419	2466	120695	0.020431667	2.051432763	0.339863687	1	32
Val	Met	33838	160048	0.211424073	3693	36837	0.100252464	2.108916482	0.359925753	1	21
Val	Phe	7218	156196	0.046211171	465	29701	0.015656039	2.951651564	0.654044042	-1	50
